000
000 -> 1
111

000
001 -> 1
011

000
001 -> 1
101

000
001 -> 1
110

000
010 -> 1
011

000
010 -> 1
101

000
010 -> 1
110

000
010 -> 1
111

000
011 -> 1
001

000
011 -> 1
010

000
011 -> 1
011

000
011 -> 1
100

000
011 -> 1
101

000
011 -> 1
110

000
100 -> 1
011

000
100 -> 1
101

000
100 -> 1
110

000
101 -> 1
001

000
101 -> 1
010

000
101 -> 1
100

000
110 -> 1
001

000
110 -> 1
010

000
110 -> 1
011

000
110 -> 1
100

000
110 -> 1
101

000
110 -> 1
110

000
111 -> 1
000

000
111 -> 1
001

000
111 -> 1
010

000
111 -> 1
100

001
000 -> 1
011

001
000 -> 1
101

001
000 -> 1
110

001
001 -> 1
001

001
001 -> 1
010

001
001 -> 1
100

001
010 -> 1
001

001
010 -> 1
010

001
010 -> 1
011

001
010 -> 1
100

001
010 -> 1
101

001
010 -> 1
110

001
011 -> 1
000

001
011 -> 1
001

001
011 -> 1
010

001
011 -> 1
100

001
100 -> 1
001

001
100 -> 1
010

001
100 -> 1
100

001
101 -> 1
000

001
110 -> 1
000

001
110 -> 1
001

001
110 -> 1
010

001
110 -> 1
100

001
111 -> 1
000

010
000 -> 1
011

010
000 -> 1
101

010
000 -> 1
110

010
001 -> 1
001

010
001 -> 1
010

010
001 -> 1
100

010
010 -> 1
001

010
010 -> 1
010

010
010 -> 1
011

010
010 -> 1
100

010
010 -> 1
101

010
010 -> 1
110

010
011 -> 1
000

010
011 -> 1
001

010
011 -> 1
010

010
011 -> 1
100

010
100 -> 1
001

010
100 -> 1
010

010
100 -> 1
100

010
101 -> 1
000

010
110 -> 1
000

010
110 -> 1
001

010
110 -> 1
010

010
110 -> 1
100

010
111 -> 1
000

011
000 -> 1
001

011
000 -> 1
010

011
000 -> 1
100

011
001 -> 1
000

011
010 -> 1
000

011
010 -> 1
001

011
010 -> 1
010

011
010 -> 1
100

011
011 -> 1
000

011
100 -> 1
000

011
110 -> 1
000

100
000 -> 1
011

100
000 -> 1
101

100
000 -> 1
110

100
001 -> 1
001

100
001 -> 1
010

100
001 -> 1
100

100
010 -> 1
001

100
010 -> 1
010

100
010 -> 1
011

100
010 -> 1
100

100
010 -> 1
101

100
010 -> 1
110

100
011 -> 1
000

100
011 -> 1
001

100
011 -> 1
010

100
011 -> 1
100

100
100 -> 1
001

100
100 -> 1
010

100
100 -> 1
100

100
101 -> 1
000

100
110 -> 1
000

100
110 -> 1
001

100
110 -> 1
010

100
110 -> 1
100

100
111 -> 1
000

101
000 -> 1
001

101
000 -> 1
010

101
000 -> 1
100

101
001 -> 1
000

101
010 -> 1
000

101
010 -> 1
001

101
010 -> 1
010

101
010 -> 1
100

101
011 -> 1
000

101
100 -> 1
000

101
110 -> 1
000

110
000 -> 1
001

110
000 -> 1
010

110
000 -> 1
100

110
001 -> 1
000

110
010 -> 1
000

110
010 -> 1
001

110
010 -> 1
010

110
010 -> 1
100

110
011 -> 1
000

110
100 -> 1
000

110
110 -> 1
000

111
000 -> 1
000

111
010 -> 1
000

